action_max: [40.078125, 133.505859375, 181.0546875, 37.96875, 10.283203125, 39.287109375]
action_min: [-35.244140625, 26.19140625, 44.6484375, -65.21484375, -99.931640625,
  -8.876953125]
follower_max: [39.375, 130.869140625, 179.208984375, 38.759765625, 10.107421875, 37.880859375]
follower_min: [-34.62890625, 25.927734375, 46.318359375, -62.75390625, -99.66796875,
  16.611328125]
